0.5737795220378318
0.20828537064029354
0.5958442192976064
0.43049760200050513
0.5550302767044407
0.26411825780562803
0.5164180014425019
0.30349789793293064
0.21741305216522436
0.4341499555767106
0.15681251204679503
0.5573134894342784
0.35020738417532865
0.4081823839809611
0.11155268706329004
0.4526730381503799
0.17101562562226333
0.4335742748772955
0.27577805551132906
0.1358957080545352
0.2558469440497122
0.3950527768185822
0.3465333952997847
0.4738523846877072
0.24182541670333724
0.2765292910504678
0.3325852419894671
0.28384953570677424
0.23829840344782138
0.3422341055571989
0.33772404614199425
0.3950990661478832
0.1921660304020136
0.5839673225796118
0.29235267310234303
0.2694811823446612
0.516551247166924
0.4545342807243748
0.3666293959183073
0.41414066055562776
0.22469668299406248
0.21907931333077105
0.20088113523692452
0.6037377643375706
0.30500941295736456
0.24972268432951006
0.36501327639743397
0.27037578306285565
0.48628849477218544
0.5731071922751886
0.4636869624047492
0.3273745610720164
0.2610989281138521
0.23732222626728364
0.6672768378854298
0.5260284045115255
0.6835093698015472
0.37970813683442334
0.44046010266630997
0.5141970193356972
0.1820296634736665
0.5338853393675305
0.40164619760946013
0.406541388508007
0.34246907579123576
0.3059596649364869
0.3188243595084096
0.28876837290821433
0.3413428311398944
0.38499567634236614
0.4326892064142116
0.4658547627089548
0.5787295036746305
0.6268894310640692
0.2204333570887027
0.31505371334567384
0.28361368116260277
0.2222875720904845
0.7030363168927182
0.44516568581294863
0.7516872835158505
0.2838284031935613
0.09622504486493763
0.6581439639001678
0.7114527884314797
0.5144002049895099
0.2449540722308929
0.4565401003515244
0.2539033443234463
0.36561904431990433
0.49347473219398125
0.5581930457442456
0.4001966381456809
0.2058303474183793
0.4675971039755295
0.2782989912588071
0.14533160208297652
0.07057124163629831
0.3919263898987865
0.4287178612820402
0.747816893708808
0.3471463140813707
0.48478554256562617
0.19845557534273353
0.39150235882732
0.28745279261336226
0.3442960742012873
0.4281744192888376
0.38258511335602613
0.23430907354388916
0.36250738773885544
0.3591244702697657
0.32417414409384726
0.5548002422706116
0.5004044606890077
0.2567449488305466
0.19138975058773822
0.439743986635814
0.6713963232201409
0.4238273582835701
0.2932569076412091
0.5115651643622326
0.2419693175888501
0.3418459352751588
0.2536187492730917
0.399064015427761
0.34236839400873026
0.5305762599166278
0.6241847685251533
0.38485114292593026
0.24762601224857267
0.6175135279477233
0.21231105123542615
0.5615349843758859
0.36769222760448306
0.17213259316477406
0.3723831060241972
0.3134153816743793
0.25261240114072797
0.4779018377601163
0.42856004323666924
0.3691021118809667
0.32796802467631514
0.2594666272088445
0.508766968073119
0.2953519970754349
0.47871355387816905
0.5407185135516417
0.35256543304237464
0.48221252915439244
0.34726867624183916
0.5309519891999891
0.5920258328872365
0.3859352169613825
0.47269752362257694
0.4530515775520471
0.5681486330793635
0.35005923285861523
0.22796863154762534
0.38502677054341
0.6005629215871711
0.33215443190968597
0.35422830239767655
0.34786262139146906
0.38636494369399155
0.42330214926391524
0.20439468762399982
0.7324959011211338
0.18371173070873834
0.49686912231035274
0.10012523486435178
0.3283328719360387
0.28641309938265874
0.3812127390849986
0.34935604434855017
0.3203805643906818
0.43531934249162574
0.4036063875662815
0.41772265728833585
0.36643158236593215
0.4573072405249779
0.42754488791645
0.47340031143254835
0.34146976265869833
0.36097784442181624
0.5596984918104457
0.47878117833872375
0.3702923945500983
0.592369107908097
0.26257614161216775
0.30929478706587094
0.5654787974813619
0.43125563779832465
0.2857352263378042
0.362764055603814
0.46273434049525863
0.38491073957003025
0.1262192569966865
0.6396457484479111
0.42356309337189574
0.2585572506271132
0.35694895994783027
0.42071968492647815
0.16063235132929474
0.391549256759401
0.30573663087422975
0.07007127538005775
0.20901990428748532
0.5816393968362265
0.28103802966454433
0.264201842764375
0.3323431162688511
0.2307490337404443
0.4766052396729858
0.16898159235484364
0.30309301197786837
0.6056061160391288
0.20205596478012178
0.3852040522471681
0.5054746446136855
0.2625754538144587
0.2752409412815901
0.4185201713183476
0.6466405283276039
0.469734875365121
0.449315790648253
0.5390876485974238
0.5324226846813863
0.38174007753771566
0.48094712873305057
0.7967416479199829
0.5429816730637278
0.4407507013412453
0.2993719558032119
0.3246309324518502
0.4822554170711982
0.5573046493608229
0.24528894525980302
0.39793990046684397
0.28689167103116614
0.34413706959807655
0.0
0.2037735968962575
0.26237519817601934
0.2398005688555842
0.23502620252987483
0.2669937982556241
0.37749172176353746
0.2958401046534555
0.30304576336566325
0.4820673716514013
0.38737581753331457
0.4181828498760448
0.10808442529177924
0.36852173704775093
0.32720584964098326
0.2714050741709047
0.36967499271965565
0.22517457797312812
0.3011735166346146
0.34276631303461075
0.32240302492833167
0.26015668130770697
0.30785964799347965
0.44843500208385956
0.42513486073458473
0.2841444151204018
0.42675653863337293
0.385790159882411
0.23621972361568389
0.3660203690232938
0.6442497013151702
0.3865006029094686
0.5021897108045421
0.4324173061711701
0.11650486315429297
0.4191274604542782
0.6784014237455358
0.3803414179273103
0.4871249017002306
0.4143136508580681
0.17831064707807445
0.4003973914162892
0.4309632608088777
0.43500549308874054
0.30764680117609455
0.6958550143621394
0.5329412328258993
0.22988155309916572
0.16931854088983464
0.3745793511523164
0.4855191264314687
0.3678260598380848
0.3578155993277205
0.3088879390780582
0.2211388987017381
0.25811933715954594
0.23031305265752983
0.36844146546660206
0.6257625842488855
0.5619898466067865
0.6104658154819215
0.22507573177686827
0.5909739408577889
0.5760759969770203
0.3648663174034975
0.40784374387083794
0.3937129927179451
0.40939658766014436
0.5369537873020349
0.39752866797451913
0.5407124681933841
0.5354572861913536
0.17622684421256035
0.2622205156733509
0.3964962828647722
0.5327942341319972
0.23592535771038775
0.35120162873645017
0.3283583579652073
0.3680890121072252
0.5809010317073106
0.703948285097021
0.511207720338155
0.4463651933216231
0.2283489538178628
0.3234693749475957
0.35519807639535145
0.46611115939920833
0.25417464485786356
0.6325419218178547
0.36879535680597364
0.29782353806511064
0.4075646772096008
0.1317865961315707
0.5620375109046598
0.6204902414276718
0.1796053020267749
0.5089432585168017
0.5247303257125946
0.41513904361299825
0.5143682473849368
0.1657262552649709
0.4530173046005656
0.09146591207600471
0.5181226203398315
0.39489646230780023
0.2551772719413704
0.4123691418847244
0.5152125924742285
0.30427713488451935
0.38680275113608614
0.28581521986295105
0.5962965874907927
0.4958909648114387
0.41258749631594177
0.5539855761827259
0.17467279497708238
0.4988675907116251
0.22445701677816263
0.6344704341583022
0.41468766657351486
0.3369910224391069
0.7294187673757042
0.49616875708681585
0.30987534150481755
0.5394079627209278
0.330569732040945
0.434945187095929
0.2952692976787463
0.1591834366881087
0.4156981671182622
0.25819888974716115
0.2658878694816753
0.3917759207672458
0.4103134979637405
0.14184162865339503
0.1810388327942607
0.6696588552809112
0.5288858853479451
0.33026511113046353
0.38288795424263133
0.30366612381709346
0.5619573483950719
0.37384230361058784
0.297804940868062
0.36088797464051114
0.34889354068151573
0.8357661027014326
0.3548908590903536
0.5299746576227218
0.4511712392738642
0.31297454118605855
0.33328126220385323
0.24011369020059725
0.08263686767584087
0.5621387729022078
0.5752045710894812
0.45361747378951983
0.2990771060857306
0.5534734342453272
0.4839330289106007
0.4859809683448227
0.15298947609101202
0.3370786516853933
0.5739456692312228
0.2944190581420091
0.4889422564062245
0.48160012584212936
0.2624871835558843
0.34480276063223836
0.19682395540555425
0.5121609346505993
0.3741104009948202
0.272412108311527
0.3673070760092255
0.5361949031224565
0.41517105347796823
0.46747081275260904
0.6982130257938634
0.8844462701144545
0.446950749915818
0.2571961718242198
0.41116109739904344
0.3611665324503288
0.19245856565376257
0.41615580252429235
0.753219444178773
0.21358646733173614
0.4179777003945746
0.6794480672515731
0.3732221479921219
0.5152406232934665
0.2182743799530211
0.42595713587341294
0.5341585635718552
0.29815135547106064
0.23444087858298274
0.5874031631585206
0.15637343204200996
0.30889880287639576
0.5447293706865803
0.24936831479205376
0.1181757895737503
0.1523285850901489
0.40740276323836205
0.42789277188504216
0.4249225253092612
0.4623102379527333
0.2954684201426394
0.41490490369689287
0.3329708173660138
0.3238296619577786
0.19881069312188604
0.774978974983579
0.4500033284392949
0.38077279669812814
0.4883225312698227
0.1262314682693757
0.367558846500483
0.28238985729628274
0.5347194326480964
0.2064840403390264
0.15870188757766984
0.39119617466526685
0.44488037946868275
0.41131061712771544
0.28843933448421455
0.3176266668706976
0.3925068466280046
0.5463638222013147
0.4400271699977618
0.07372097807744855
0.40976804630928804
0.47095146720363207
0.4097526269326183
0.07595545253127499
0.5161467982008293
0.43167417410889036
0.525000966066694
0.6053500410635291
0.3796631983009996
0.20322425483123477
0.342109179175582
0.3791856254189303
0.3441787983781112
0.68117215188532
0.35658696905317333
0.6678829227626336
0.3050830778329604
0.3458881270751439
0.30844580186018905
0.3446963263686583
0.22129312729024103
0.17638245293534013
0.3929126389928706
0.30285280589944413
0.4815476418086246
0.359893111098417
0.2725943246746864
0.21960953179835552
0.5213289562789011
0.32116807212406406
0.5735735625482863
0.10027613959936446
0.5517955794499465
0.44307094023030213
0.10264696034190661
0.1960392117639214
0.18362882952871218
0.2817877395242205
0.560319290615008
0.4366246728333377
0.4996488165380941
0.4142545887187865
0.041451333614483915
0.6703849114404732
0.18510902429971637
0.42548338011066017
0.2747418639149113
0.29614724124395475
0.7474969480978069
0.4501917752644385
0.6045918984208346
0.355409595339386
0.03360197854274661
0.015146300381045252
0.029272820655593355
0.0
0.0
0.016776539984043038
0.0337868689199743
0.0
0.0
0.0
0.0
0.019014018499356047
0.056613851707229795
0.0
0.023589892481053584
0.0
0.03806934938134405
0.0
0.0
0.02238447592910249
0.0
0.0
0.0
0.0
0.0
0.028071730702217298
0.02339541354478655
0.0
0.5371533038895957
0.33674525905338365
0.27136021011998723
0.3497664864988228
0.288780625237689
0.5445611833733055
0.3618180886983419
0.47597572810813876
0.4395081186221395
0.2554345827543162
0.5060232776061672
0.6543935977312156
0.5168035931361225
0.19476170431285716
0.3989695459968493
0.5218999221605247
0.26593924909747024
0.3050444380432816
0.5079205747330525
0.4100154060290007
0.26843422634544567
0.35960550147429426
0.16154058568899107
0.31099678713823714
0.33838815414641416
0.11695217633781757
0.5365866612168922
0.3373952933649752
0.5072088639638351
0.4165901054914281
0.44233378430240733
0.33494804822844176
0.27170523726099977
0.30108311421709893
0.1846062065649988
0.2782278100508903
0.18302666282596894
0.34124210437790264
0.08720825476010259
0.3145610757503887
0.20830127958541944
0.16108093612007013
0.19287918745261487
0.3260817134470335
0.06974858324629156
0.37467602585744886
0.38095238095238093
0.42864943520263815
0.473757586495499
0.5951276368787658
0.28236622931169575
0.4901007593204831
0.46006717724716567
0.16550776270422426
0.36887782999545776
0.2081742032338648
0.38646858876505247
0.4349687203144586
0.4792161464937518
0.3753042474809229
0.30725493389951347
0.4306875702570279
0.6696031891949414
0.44335890453063076
0.5525382975207072
0.12403473458920847
0.47298009651278344
0.19388410550384963
0.5047411069437623
0.4175146798508542
0.4748995082339498
0.19072357226330797
0.4579094516040882
0.3514719701369087
0.4946999898031228
0.1870552004974101
0.21128856368212917
0.42331181358622477
0.3036095699244684
0.4609952121026866
0.2611013463072879
0.3527790909619389
0.23078316568852544
0.5633127310685278
0.25070610528195014
0.30283457173870476
0.3554726061586107
0.22838185869568312
0.32110281774334487
0.24759964021658665
0.5088847145587833
0.385463417465926
0.4678126442125359
0.5057514803017051
0.3592584956081994
0.23586408826243158
0.21826334756181323
0.4772522177007578
0.21826334756181323
0.674288013487849
0.21245914639969937
0.2765556921263014
0.41971849488354934
0.41746120648649715
0.44839513942303283
0.22732056912722473
0.2991813630654968
0.4275731819360649
0.4550849071626884
0.22823896086298226
0.40649560648372973
0.8047037032995191
0.1101101652754821
0.15899720766358738
0.38244043165005936
0.5550727308525805
0.01551553494879347
0.41822304006053423
0.13996370162172744
0.39499354488081495
0.18232322463624387
0.23024123499814064
0.4010286817456131
0.2816543529672323
0.39003802469496107
0.3237032181497272
0.22976204097614192
0.35407360380064146
0.2519536858393521
0.20245779780388534
0.2995995532175061
0.20869967789998034
0.19144678278951718
0.2721778709234387
0.45612219499978834
0.29569689516181125
0.24972161381068778
0.4881432457617726
0.4993502271458874
0.20109991663496093
0.13291860967446048
0.27628324232744655
0.4645257966832583
0.4391577463655395
0.3050847457627119
0.395857569351238
0.07767356373806174
0.07767356373806174
0.18062726366218382
0.5995754926042752
0.4759630409249553
0.3918408222984088
0.6256943574244407
0.06350006350009525
0.3975732839729454
0.5550966006166681
0.3918408222984088
0.3466623298910175
0.3486938355308796
0.6225676130269651
0.5586555553716019
0.3163308398391598
0.29385235467698123
0.17391639824998367
0.23711034489300106
0.3744154322244883
0.36163386859776553
0.3877906537287018
0.25796544640947977
0.403116164582292
0.32751506241690165
0.3422055980486887
0.5506464347763383
0.5986235383051822
0.24210006235312612
0.35269001106132714
0.37945916734935026
0.18424026038398708
0.24837629609739675
0.3344664135010493
0.1848299717460068
0.5308113811398827
0.25797344436616804
0.4144784578300276
0.4710494137569892
0.356700271596228
0.4620246206124906
0.36776025771923687
0.5744562646538028
0.3980080583675693
0.5660817318226895
0.5163552828658922
0.31647089589621846
0.23558057519222744
0.5490879925217103
0.37271416871947594
0.4451826276055133
0.46306041859249486
0.5039870885994646
0.14719218135898382
0.33999275762786196
0.2943028597012718
0.43337900793851114
0.14887283354385342
0.2463163060853943
0.47928886917633834
0.26767981889860293
0.34425764186604446
0.4983806817472558
0.38754859832995975
0.1945941322606428
0.41185537355888213
0.3548481235341133
0.4934186593794416
0.149376359921712
0.40477624657800504
0.1682292950309754
0.8988977292160043
0.28128433856309726
0.4577360263564469
0.424841114746784
0.4331627149581756
0.524833453307831
0.17139820284068397
0.39271797163844363
0.4102773613941885
0.27404769458785116
0.43482827673933633
0.4458508287089374
0.4975228711381454
0.2618174690443214
0.3346234159390647
0.45654612658572613
0.30727591882163713
0.5984001180351203
0.2826397548966206
0.3070763751548678
0.4643570050375337
0.4172069080287866
0.27357645155253196
0.38549092490285825
0.3795501780712718
0.4529108136578383
0.41442486349116986
0.5688368162973663
0.5768981850980385
0.5353532564426542
0.4467694325923874
0.2311685351379012
0.36634684881577617
0.2233744789363437
0.49065676141128867
0.3700697863316706
0.6992371054703188
0.5700969915474707
0.4428668077257262
0.5730682550612528
0.18694038160048188
0.2479517612386092
0.42173450015022573
0.47276138372581816
0.31974962526657663
0.254000254000381
0.3954907339387972
0.25949452865735695
0.43825185470468725
0.2411314131486805
0.43604079963619047
0.257848314039315
0.5439390822339937
0.20468647176630392
0.7513129634222521
0.1457624316511008
0.4419417382415922
0.32459911172603867
0.21720700430623166
0.40032038451271784
0.3320508281848165
0.37091591547438524
0.17772852751414134
0.4820186795498118
0.23519644773349818
0.4587596979470412
0.010767638041163312
0.21400807927407772
0.3971794323747159
0.2230815534340376
0.1629670690129016
0.11990802421981804
0.6296250788665005
0.40341832452743936
0.5468452478152497
0.41805908028954075
0.2417728402451219
0.4502966361474192
0.48348729183091244
0.17838371390926502
0.5343418128163813
0.426155586427329
0.3628363754742097
0.26722810556093474
0.11492532280238503
0.20421249154432666
0.26666666666666666
0.5444071181124018
0.718152278511899
0.45035855958296644
0.5623212027825409
0.43570499591451267
0.4696109650648524
0.5177193879522517
0.4732981417540905
0.5841132751680902
0.20991856739071502
0.33856604533733237
0.3131063428174648
0.5209333629885717
0.4009791936316524
0.3011721230063664
0.40910091216963596
0.41298347179360917
0.6082185157901362
0.6161778587741911
0.2985840599405033
0.30610717144982047
0.3809510617617103
0.2175970699446223
0.5787697004811657
0.5148324705520773
0.35517529408697784
0.37660699698530725
0.46220639293990484
0.49206878590343606
0.35771110389384564
0.33661365031881696
0.12727272727272726
0.46555384260327115
0.3046878548412786
0.39608103943301715
0.32215413094910184
0.3136121713991153
0.5779126862605748
0.45960025815944117
0.3610954454330619
0.618688224889746
0.5322784169007385
0.2253744679276044
0.4871833439339481
0.27007825886509307
0.40495866491622684
0.4692819098614236
0.17683734950850805
0.5485516088756811
0.35525010826322095
0.5217491947499509
0.2251978105546562
0.3747548841819934
0.2224657488664361
0.3820465887291705
0.3727280167852214
0.7197278498830457
0.3793826505449935
0.6153770339353115
0.6037568473080855
0.34679716445637226
0.5213311661791026
0.3107182093491003
0.675754283117848
0.3559802955777439
0.3452704278992452
0.42253303772697787
0.1862120366695429
0.32873704208955407
0.2508588982356259
0.300416377715996
0.30126835352855896
0.18918504347032944
0.4287947242821821
0.2408894763869549
0.37244079478295167
0.35478743759344955
0.28401877872187725
0.2531848417709166
0.1372487132993442
0.47040291424916153
0.5441215046455045
0.3343669275452117
0.18946618668626838
0.11695217633781757
0.5002689618268749
0.45764355256282924
0.3201549767082199
0.519228168124092
0.5318379150607054
0.3441330245896355
0.6064982024169444
0.33333333333333326
0.24313226954193234
0.19732000705753378
0.11720180773462385
0.2651650429449553
0.5700790465252616
0.2784682276073076
0.5915598307092526
0.23166306694416894
0.24432167960738108
0.5693118683714071
0.34776706224699444
0.524786628000383
0.4420166116307522
0.2740740740740741
0.5004808895221449
0.5162280030167331
0.2668204346819712
0.343368744354202
0.29742043503082294
0.36650833306891567
0.31691780957218135
0.31687135935136573
0.5155983752751354
0.45115013658960157
0.43189973315181074
0.4334600175110748
0.3241825850615364
0.49583819740204466
0.43935344521675124
0.3234953103656105
0.504977961131048
0.31586340621613307
0.3836123588404731
0.31717597733844943
0.19144180371334604
0.4005009394574071
0.48436760739368745
0.4371806420576065
0.42515568799010506
0.4848094189293107
0.4289781139198388
0.14371729125475197
0.1763686429924909
0.42404167142319216
0.372377764643838
0.4312215351578594
0.5082449805642693
0.5327266931721771
0.4424622634715688
0.25415212262620723
0.40756694398176113
0.31144657747865667
0.3268776871116254
0.325167844326783
0.4502008343681841
0.3651183220159702
0.1618889317032706
0.4862589962641426
0.4318897718757711
0.5739640213948523
0.36824097938324296
0.23387383286073218
0.45419537387771014
0.3398746742425885
0.18916111230093358
0.1228682967957476
0.06085806194501844
0.3172083195826086
0.3041996204480109
0.21577786314258907
0.3863145587728974
0.6055909939575296
0.3849295152457357
0.3808988485854441
0.2556812579343564
0.43702207876159177
0.5226771928985132
0.40865149875025547
0.09397125473281323
0.7727870591823115
0.3288029116284346
0.4065545573369849
0.4510007572750849
0.2832349610397022
0.33628404143185137
0.4401531474241072
0.4751456184988197
0.26178369268230967
0.4024047360160237
0.15021124422133217
0.5058994629227375
0.23276268227476937
0.22127717485755596
0.4722540163054024
0.2961426314973056
0.3953329688859207
0.49362056035632357
0.35780578598451546
0.5007501574806666
0.05031148036146422
0.5070100801776714
0.35496625675251753
0.23890473351968816
0.49073517714984594
0.490382323191525
0.33404289711000806
0.28939954008661634
0.42481907978615197
0.2514482336502759
0.5798373527018335
0.360069806745123
0.37073899893266327
0.3732608714359208
0.4387899611848817
0.5252843977903605
0.21301790064631854
0.37528311989181456
0.13452610468427006
0.34953240498536786
0.32425327587533764
0.565028102625663
0.09805806756909202
0.18146544088745697
0.35640489924669927
0.42078024065889985
0.034219295541457743
0.051231551957856
0.4307760960892128
0.3454900797786591
0.27616716131249586
0.20848759720736487
0.22991016490500177
0.3046719644469476
0.5641155794015364
0.2097865979195684
0.7766015809494555
0.2743260263780432
0.6172628540690189
0.2097432217338499
0.23797688256004326
0.6455887409183169
0.3767882790981885
0.40476078788618197
0.3960858298074958
0.4446501037587801
0.29327320762716563
0.29034647452451906
0.2987141265908929
0.42880794752826235
0.404978942828876
0.43207726222050824
0.4554087895199988
0.7214419839752071
0.380367131915797
0.2649064714130087
0.3043020174763798
0.3415119617350987
nan
0.25205918865708143
0.5625686771261945
0.2939534671748003
0.325493388482694
0.3493090418564757
0.0658038904410077
0.4782115033524768
0.20564529776418458
0.25238179080973716
0.12137942580688092
0.5246497353179314
0.36602852987998696
0.5939867477228934
0.5340093421220923
0.5347930193595349
0.536383629663731
0.5728905589678522
0.40295816247749605
0.39008132595679973
0.4457279392390755
0.44524146514549395
0.5305091237206346
0.8485401996959872
0.5143090394876351
0.5210236114400872
0.5384737088448446
0.6883769784972773
0.5603680881843299
0.22626519195499892
0.4382348115228686
0.26639940881465435
0.3217760207887101
0.41541055953887707
0.6228410989030497
0.19610055243305133
0.4035357747403905
0.5280915292926319
0.5502376131961192
0.31157071426233646
0.5115239942351076
0.43703694413605615
0.402762253903953
0.32347595077359526
0.25516442877043827
0.38464099026732007
0.6015575165143793
0.3789526171086076
0.3280142935923347
0.33143275663904037
0.4225771273642583
0.5049193032800972
0.42125512157821593
0.4636325549680435
0.2491012604948348
0.23979655814034137
0.20933525606071365
0.4661895908539419
0.5548758732513994
0.6175928529453424
0.3658710710185588
0.18820366590703694
0.5479827661500426
0.30890952278177836
0.33806170189140666
0.646133433490922
0.47665609752266513
0.6042117025397389
0.5119454533417221
0.19734991467130591
0.3679464844031199
0.28667105452251057
0.0
0.49191196108780316
0.5068899302583753
0.5209322610706232
0.34666704709710544
0.46033567285055593
0.3885596286059323
0.4775293202258409
0.5669741523261674
0.14663312130835598
0.0
0.28475799969739296
0.244357884933336
0.3536848377445578
0.21897956058054358
0.10750823813438268
0.04714045207910317
0.12006116784431532
0.22966255022367535
0.21659190776859302
0.2886929556976847
0.14907119849998599
0.2949687762244818
0.43144777916589877
0.32732683535398854
0.5894554884681321
0.2525178388310308
0.18257418583505539
0.5043247830261391
0.1667028474261652
0.665392078583688
0.6233606122196182
0.3510230976618986
0.12329924047901797
0.28503880482843885
0.03806934938134405
0.5687081862677562
0.4105397735816085
0.27086448924394324
0.13242226336053986
0.49415603366644223
0.5853272799821977
0.5226261281198271
0.09581010095306072
0.3665568954434948
0.14770978917519928
0.4402043892400666
0.3038948705590345
0.22018385688753847
0.11417676788820406
0.2330358043096072
0.3101230775987313
0.19460646055923422
0.4629865829197633
0.31188214354787913
0.18786728732554486
0.21903834230671992
0.41396108948629645
0.4662612917539183
0.02184260141652595
0.37953209718627595
0.20143102994977458
0.4647961087053662
0.42072697013227894
0.3310777214268038
0.3353105352955882
0.2720087044178143
0.3363363969981562
0.32072570864987854
0.2862633213077247
0.23843657891460812
0.544266516015635
0.20897560621856265
0.011651561792628471
0.30806161848616215
0.2036532699906392
0.1992047682223989
0.20227854534184905
0.42809603027916016
0.41534899002775727
0.379215437220173
0.24894142079195156
0.2100420126042015
0.2703690352179376
0.24207264988525407
0.11411620410171909
0.2342200957719679
0.2993421700446248
0.10980476589917774
0.3946680699334101
0.36940387297605226
0.48370361580301074
0.2716611781427521
0.42835769957946906
0.46119717166243884
0.3166907644580756
0.3517811819867572
0.1126872339638022
0.25064020591380154
0.5300551651871499
0.19088542889273336
0.31399688866426184
0.07256353981321324
0.2239055377599495
0.6600395045877963
0.021290521972523437
0.18993044404090034
0.2817180849095055
0.2141798680385621
0.023688968483956713
0.380981415850556
0.5120163847864739
0.1768223681291511
0.4132704872304368
0.1497344347282756
0.2861316917596507
0.3326495719295578
0.06642111641550714
0.3670739037593339
0.6455087054417268
0.5541959232153337
0.09556913641729281
0.25756109818496586
0.4985920752979443
0.3648804219942023
0.21732537978733285
0.3555943874993708
0.18705968155914485
0.49670620646142394
0.09867967802605516
0.312143943107864
0.2551551815399144
0.41506762437878547
0.4564304393979743
0.38740594933606437
0.2914915440650688
0.22480720075647426
0.1685499656158105
0.4947510769449497
0.25910011025251833
0.4499336453356107
0.378753568987626
0.13987392199469922
0.39428621401061714
0.10635514779267013
0.4213100821422214
0.4709196795046939
0.400862284393452
0.192174260221186
0.26064301757134345
0.5487458576556633
0.34456679739127216
0.27062315069591864
0.209066450084383
0.09392932715684625
0.4236659878053833
0.3736404608539006
0.38503732543932456
0.21529423020037572
0.0783787002127328
0.17037523874289204
0.3217437139481649
0.380886632563643
0.12216944435630522
0.2633517411660798
0.0925925925925926
0.5441651319853499
0.41683748659083364
0.34157506609890187
0.3830577398228663
0.22201731464317243
0.26696952498876586
0.48926664552070626
0.37742110785117816
0.21559139121216433
0.11345054894280687
0.3380617018914066
0.18254890380407698
0.3865318762502774
0.11529762849335193
0.0
0.5311927477989145
0.5290407089121628
0.361873432227873
0.23846420660744824
0.4136662107600909
0.3108298286616062
0.6232115277716952
0.2714836398330427
0.45361569324089557
0.2765146303390672
0.44410268115970425
0.0
0.19463653255134958
0.19251276684918228
0.0
0.2962280971892053
0.5887857831373021
0.3351566339560863
0.3065492809495234
0.38013155617496425
0.3519087355060576
0.2976403788104583
0.1420093893609386
0.18405254345807756
0.42484265091312085
0.2796927063750834
0.46239323706285884
0.2818263765630032
0.312464194710912
0.3738860058024576
0.29340782925813763
0.25972930832211466
0.31980107453341566
0.36675977762321854
0.4134600674467468
0.5457250346229967
0.2405463014524919
0.21788191176076885
0.12275617491128162
0.4203013787672776
0.3641538275117451
0.43050913676107516
0.47060787731778186
0.5147388349353189
0.3105998795627938
0.08157583682760612
0.5112714608872604
0.5813230857627226
0.47874692991121137
0.45485088744114427
0.4745664725328705
0.4840916926890183
0.4375374362010389
0.3131523042732431
0.3204240249862218
0.25493354917716304
0.46894399113243995
0.41209775709594537
0.25879865568825217
0.5511514100387286
0.4701483703162709
0.31060397535911277
0.17291084232795317
0.0
0.3090324508994956
0.4551249824959526
0.3118090785719185
0.2839296144081033
0.4353355055385437
0.28691778894996256
0.08819171036881969
0.2575754331250264
0.5851146604628683
0.290100699484824
0.2437908166116003
0.21158181651400268
0.36758014251892424
0.4919211106170326
0.43243286993264857
0.14237369936287486
0.1814670229598734
0.2397661023704826
0.350757861001098
0.3244589832949552
0.3339702197968231
0.29071296079133807
0.2744425834516899
0.19233566230163088
0.2255348816668833
0.23914037470047
0.587208665730543
0.1813917677181937
0.16638394098953493
0.4638336419856741
0.14131671592979875
0.3629150273454803
0.05739590488450357
0.0
0.37835770821842096
0.2526993478596345
0.6750748788762092
0.24429260397862243
0.6479982789288244
0.3051649903268067
0.20155644370746376
0.3484772309001076
0.017352640209845116
0.2693627010111138
0.2650431515462602
0.27708599702293313
0.5154047007608703
0.07577352304240824
0.5734310350827241
0.372870276579167
0.43913046962137176
0.3667276897993611
0.3648037294303463
0.17469122462117812
0.23395480008935163
0.2606335062140006
0.22474110548290285
0.2318130375700193
0.30103733807452565
0.2409856304306837
0.2692736727892825
0.3443023439711664
0.3621841045399361
0.2711935954791209
0.48385298632392665
0.5373126139804031
0.2975653852680471
0.18105170609447532
0.14887747366375534
0.2638717589956815
0.2819123062941128
0.2747665476096661
0.43001307259611343
0.2288809942110269
0.36650833306891567
0.3730973568203418
0.4096360245881486
0.179495142361986
0.2765331593774861
0.3530955185376744
0.42420535923005726
0.3044123184231845
0.5558399101431653
0.37712361663282534
0.21407128231414016
0.2246004271229055
0.3113761843897639
0.5035291887323505
0.40009880202694836
0.11801058864729899
0.23414523178948635
0.24680382501043083
0.4579994970335558
0.4283759034786427
0.2646961627372665
0.309313595324171
0.3140885974350928
0.27046434610252174
0.3461747485327882
0.2195175913660582
0.458604166130097
0.298179962979709
0.2828447263281844
0.26684975399799643
0.3175264481385601
0.4661414416442235
0.26952474126078113
0.16412198797244362
0.2826489181987154
0.2031018385859588
0.47830611324539274
0.6040796973096798
0.3970344615223767
0.46974088460952595
0.42727431270911104
0.37771002184412356
0.44101550483779334
0.40941812714445175
0.32515690798606633
0.4045566970313675
0.5613352372485181
0.486797262054773
0.4216745052000466
0.2655273953168417
0.4403855060505442
0.536771743061816
0.3499369976247847
0.5315270533127747
0.36533850361304954
0.3582438767287938
0.2523521191506047
0.3198010745334156
0.1759410106784446
0.21282316919136596
0.3579737360238033
0.47754513847237007
0.6094468991093265
0.3460259016489566
0.29525920673494677
0.1333333333333333
0.4220384257782862
0.4284655431025929
0.5443334222509376
0.36183798050775573
0.3934389543046799
0.3236904093603996
0.5697698492895359
0.5075000770969824
0.34262414443209643
0.4818673697677695
0.27788500718836423
0.5591412911200921
0.2272843225242474
0.5922680909875785
0.1902673493253253
0.6024640760767093
0.38928317187495304
0.42036032114164135
0.45933540141057166
0.24152294576982397
0.2483406304158106
0.2790185680112882
0.26519741765271837
0.6265741477027196
0.14527862282089332
0.377624893953896
0.20619652471058064
0.4757925296607716
0.5312342737798693
0.5062217080371096
0.6119334742088295
0.305656024865096
0.3779644730092272
0.43365773830206983
0.3029644197154619
0.474907883577296
0.25171377516830906
0.31520500902563947
0.3639585404153623
0.27880601414292916
0.44116201212195605
0.8310207652906142
0.21789285984614226
0.14318017470898786
0.1470677690458576
0.09150180217433551
0.1757499100654987
0.4615544378599332
0.1504142093990467
0.03217447260438934
0.31088480649113687
0.1834253521547229
0.3436365270510106
0.0
0.3311616483051649
0.33199800009153263
0.08040844011283463
0.18977104053170418
0.4775934414207342
0.41583230181110037
0.5839240492097703
0.033557802760701215
0.14433756729740643
0.21301305143216562
0.4261623514293405
0.2553769592276246
0.20459830184114208
0.4047142269523538
0.5164391558638847
0.18330889377669163
0.25821164125418167
0.29171706601623903
0.4444738068759794
0.47406373015435105
0.22101284060512716
0.24069355160757994
0.08026441628216503
0.2589661986891186
0.47970161180012344
0.3713906763541038
0.6514766826094659
0.180150939644418
0.05571820886914856
0.3631923996538707
0.4494785386057833
0.47184903246055543
0.31221237664874923
0.21913772568645198
0.2828050076537523
0.24403460427251608
0.62654631495317
0.4232365145228215
0.26420969566808883
0.5168140615284654
0.4421297585599225
0.45760431532242946
0.023168268228563865
0.2251822581553161
0.2221529746987366
0.5927389659658494
0.36147947233474226
0.45443047823152616
0.23610901874216442
0.3576408488192953
0.5165306491168721
0.2929374625741901
0.2616192374562049
0.4288443059143155
0.37509270882259543
0.4738445616552977
0.2941541532583288
0.3888759385553128
0.5473503368998213
0.3540885715401846
0.0
0.2012817276740412
0.15672759934960007
0.4703336360065087
0.2853838963848576
0.2763074248798415
0.4518259957799241
0.17032311834156377
0.17941704542901207
0.3397506134952212
0.22388683141982252
0.17437145811572893
0.1623715730241345
0.2962963966524232
0.4088810015999615
0.11331741716232276
0.24611679484039475
0.06903224235088315
0.25650513532429364
0.10855649121315493
0.3244428422615251
0.43437224276306935
0.3221264225405383
0.292211343383838
0.4091373572707742
0.3436933489684055
0.28819520885211747
0.23749016662636552
0.09428090415820635
0.3862160813477718
0.151565176975123
0.30709242827526273
0.0
0.0
0.18516401995451026
0.314661203918198
0.5187323682616047
0.13204107527525502
0.3194382824999699
0.33189592545800894
0.36202430712799827
0.29873096221722556
0.13576884666042613
0.5252358181808419
0.5275029939271915
0.5616608213465222
0.5706865706239903
0.4927810652969268
0.25849213105659874
0.21081851067789195
0.21616273753142326
0.3927074795012611
0.5331037174720741
0.34281296126513355
0.119617833424335
0.16188097705954405
0.16731862035256365
0.3282293938379581
0.39971794566947527
0.2886603713385346
0.4657119373481665
0.19123657749350298
0.3832531026824066
0.2708687219346754
0.24565184222025874
0.2951406680504776
0.3386796066623915
0.6023502055902303
0.48397324205655523
0.28156576368457736
0.6421877815843526
0.45086773199079505
0.2731076049987482
0.2760262237369417
0.04449941594899848
0.3306676998974197
0.27023200276876397
0.3930006006312598
0.2951307804252868
0.42063492063492064
0.15944820103582016
0.18952619181419758
0.4412241833954465
0.20146216045807722
0.28309558933556744
0.42427259204814693
0.4221150764004418
0.46295819501128105
0.30535648214342864
0.43739815381358105
0.150125783037015
0.42066438563969516
0.5063785722794594
0.22841609628806428
0.25691749776935396
0.3608707115885459
0.3564168444854522
0.375990754698899
0.2766113976473717
0.27015531384135794
0.358267643945119
0.5448303953295751
0.5852394189235482
0.3397911347683685
0.4862210107584386
0.49338220021815865
0.0
0.16431676725154984
0.2928987074485838
0.6165205047325918
0.4692430568773272
0.15289415743128765
0.28221626051507914
0.19447337417717825
0.19364916731037085
0.11350087076783316
0.31131277282623404
0.42824273142182334
0.38095289453106435
0.4397091281915543
0.27174648819470304
0.5189446962131427
0.30118009342738755
0.4177993262994534
0.5432455762935933
0.31683340867600907
0.7489304917028221
0.3744955775802272
0.3522471168018793
0.402416172028665
0.5242644647149166
0.3287112873034969
0.08646430798325934
0.2079002318273404
0.3941000909270033
0.191601134047456
0.3212493528077645
0.08451542547285165
0.0
0.22734780240413707
0.28637103240522915
0.30699662789849536
0.31147509593361433
0.48584869321745255
0.399499832619565
0.42758828017860967
0.2500645911391736
0.3960431694417411
0.20965696734438366
0.3867373575959693
0.36621743833700493
0.4260633277796276
0.5422818476334306
0.3343286575352694
0.145047544858779
0.22483547714987817
0.12333884916094356
0.6299430755036354
0.11706094608778808
0.5754471494938231
0.4560411673671403
0.09028938981432692
0.08908708063747481
0.15811388300841894
0.5279264825764668
0.19583388581686348
0.3637851162354806
0.49897337910290523
0.3738719119591971
0.25605510443576934
0.17542826450672636
0.24403577928879125
0.5780045123130455
0.3735020503158082
0.403077250228239
0.39729784680823
0.5995536104091617
0.09316051410668054
0.24105221280251107
0.2775388317240664
0.307937204273333
0.39190856125374557
0.537188195267463
0.30663986750406513
0.2917005165799124
0.37822180325242755
0.534564792118075
0.5850545176210933
0.38049744948323516
0.5303833524883341
0.24087226515107443
0.37742567804819854
0.3626142848994532
0.2546695244108439
0.31972677254188114
0.0
0.2898516902378219
0.44201363386089076
0.17017425192460683
0.26010243550494205
0.44693434876932725
0.4107020109613893
0.43788736007260265
0.43862263202414753
0.3421083448202694
0.15067881494394827
0.5713100709718552
0.3808054460269511
0.25202419128736736
0.1776844106636727
0.4922495681416542
0.3018893319760894
0.3243451572967446
0.36138487600101166
0.5178303907679223
0.27956917416576094
0.15894388284780525
0.0
0.41969238716069623
0.7142609085688748
0.24764219818702876
0.3356088405254882
0.5534146039151934
0.2842300530400418
0.2359071298478354
0.3692454161128698
0.36194394765816024
0.6618291863171311
0.28434741622920867
0.2512030307406327
0.31350846971267493
0.765764991773333
0.29611153107393745
0.0
0.2994343451033174
0.11925695879998877
0.022792115291927588
0.4011671061986032
0.37152909633252634
0.4444238973594524
0.18854871511025054
0.6545112331917329
0.26554250227189713
0.25453830004618594
0.40394178733541
0.5704589445415045
0.0723930024686082
0.393461656761973
0.2952682339346562
0.2290854834557588
0.23690563861840727
0.5134590392150676
0.25902616539101986
0.244758463165138
0.5812613304697957
0.33410974461737225
0.4314078899465288
0.3782871695609066
0.1111111111111111
0.5318015100285632
0.1882613528557961
0.28817620634373814
0.6222188771031539
0.3221978064759227
0.4228015949425933
0.4402751990772467
0.5120904335666498
0.57371363844306
0.42917534158092474
0.5433610549940505
0.34369923500488575
0.3955774026426199
0.3278756223711146
0.41968231827355124
0.662937483888533
0.45355800818494246
0.4645689192247115
0.37716825457067865
0.37357300163699003
0.36047677154687624
0.4496259128858806
0.5392645853555399
0.537137300592527
0.2795426231258449
0.6429136167702812
0.32887683460389366
0.5253143368187551
0.11230588859277423
0.37761179693173874
0.35057014009347226
0.36047081674726983
0.22687130324325752
0.2024275818346201
0.2300894966542111
0.2300894966542111
0.2946837874735029
0.6932577797717993
0.4532895717818604
0.6306412945179688
0.2314278381191828
0.3515625
0.39147369548887795
0.2457035599224525
0.06788442333021306
0.3326602977194446
0.41503806324642195
0.5075530148596122
0.31766426249926877
0.2823912473624526
0.2613651753834422
0.3975649019212704
0.529199997496775
0.6429136167702812
0.3599647112281986
0.3040809194393974
0.5775330545103442
0.35372235141647834
0.19641855032959654
0.24977425737410147
0.28739298760020837
0.03594425773447948
0.2276956446490403
0.40801655794768765
0.4195303887997111
0.5673008157384954
0.5306163556067649
0.5679027878725206
0.26788832446196825
0.2634316848869161
0.6267152772383994
0.591877074515967
0.1933472978091327
0.4449969019729222
0.4063481739610509
0.2895047709182716
0.1730129508244783
0.29148201866454443
0.5088490160189827
0.5581194458867008
0.5723802664879429
0.33294952971344166
0.3649051825844134
0.10354065415926447
0.4310000921693125
0.12505983247251287
0.6182601204821206
0.4043571851849823
0.5036318649819165
0.5862510427306763
0.3531867956285198
0.451848057057532
0.47730143579464535
0.31400555761353416
0.418457916965454
0.5361865583451746
0.18241913341996505
0.5197196285794048
0.289537110638691
0.6547733098035511
0.4969782625025708
0.6425363209746268
0.49063458280027833
0.23614526388621476
0.42607966073780507
0.3404664681248594
0.46256145927972914
0.4831747929922163
0.08412202337350723
0.4313373596864687
0.598373213287827
0.7442084075352507
0.3368238299135928
0.5551318568875423
0.46539894130623616
0.22549936955546077
0.38148705122385396
0.3714069397398338
0.5311249042474337
0.40093123644035417
0.36062909847931135
0.21135615689015969
0.2122424746029678
0.5668158806879351
0.4903212895413241
0.5214640301574123
0.6263553546470081
0.31193973345246884
0.23338398639663127
0.42438848362075576
0.12057686313618494
0.7188085775263302
0.21608722125836355
0.3790566624293942
0.20228869496966942
0.3151978917801624
0.41819592783697895
0.1997389187755463
0.06846531968814576
0.2933594108844657
0.12519577145903357
0.5203590187208256
0.5734250886885393
0.15851867980658155
0.4752860300251187
0.5495126265877107
0.23991381206519596
0.4472225004022178
0.39031237489989995
0.2533963820652714
0.4097291895989249
0.28429692623741337
0.22728432252424743
0.4689790496105418
0.4998322377905773
0.37097828117210774
0.3793139205778431
0.4496568386198319
0.33270380806262356
0.3320903209244786
0.2934836354418746
0.5753424901908263
0.37244156032265385
0.4271141080617576
0.5565074874441013
0.20256711147285467
0.15585166640588763
0.5769749100874382
0.3260368154548699
0.31956823542152546
nan
0.3698661233181309
0.42170032153303105
0.2495843721148957
0.4427900787936957
0.22171101330443493
0.42509742992123095
0.2035360594658275
0.2605230480417903
0.47497213255463644
0.2760262237369417
0.47458889514526503
0.4185664105636484
0.5467175210508692
0.28029761870830916
0.19562701126437498
0.6974881773295333
0.39752465576225005
0.26173189672587355
0.34337094476052005
0.3600557616747044
0.41536128097616576
0.6092846147242067
0.4637602068006318
0.4139544079592464
0.4905679053535172
0.3603455673034479
0.223606797749979
0.4849151477776091
0.53248420359678
0.48052320662340964
0.329914439536929
0.32824397594488725
0.4280880203909971
0.6389091599115706
0.46870082651783745
0.14569287935358963
0.12996881122750908
0.2034477913629787
0.2499249136490047
0.1513108912434696
0.4474284127065661
0.24611824977013125
0.31334262930256157
0.3913913652678715
0.3054081067606538
0.4644926529639993
0.27349628281582344
0.21065603010602574
0.36572025670599556
0.40804909636053655
0.4165372563292574
0.3883215816738117
0.45381676561203876
0.32058528181875073
0.5650249102281565
0.15062201176762285
0.2901605216395588
0.6724707598142524
0.39916825702985803
0.49889266770909146
0.24580257200417335
0.42863649892611166
0.37097828117210774
0.4966030667108031
0.6565513410045465
0.5163977794943223
0.43187814902831356
0.6222311560520947
0.08102546544402055
0.2528558164964056
0.5276389023573413
0.3512636477558442
0.3466947772735708
0.3183367978345549
0.07624928516630233
0.4190723890497721
0.38193507952327893
0.3798670426265534
0.047136262375315034
0.3905463554775309
0.04999999999999999
0.401188113144411
0.42302595167312357
0.3694291252535646
0.3705241363166782
0.3132580595042446
0.1899616454037252
0.311504478990699
0.45502904779918685
0.1892237474485311
0.5020686947433168
0.3175426480542942
0.45155125964440956
0.46760124107514195
0.4575306339209124
0.7034035873236832
0.19026889896783195
0.4025725927395116
0.37606255451022363
0.4255439551260561
0.33764511306785794
0.28978613986038776
0.5619864504884466
0.5290489009620468
0.44776578051047183
0.37971103591201305
0.5902232632931053
0.5558447032625187
0.568439818619456
0.6004879788485672
0.36062909847931135
0.3221860216188362
0.44884732895767954
0.46279762485732295
0.4720496704908482
0.24289308377863014
0.3484384511896857
0.3367914411984631
0.33315263546493806
0.25344343874390546
0.0
0.46879191739689946
0.4875816332232007
0.0
0.24859229340879815
0.10797236261230418
0.1268864803313441
0.16435956466285642
0.2865341275306264
0.2181392786515271
0.5851714045229844
0.06993786061802354
0.17521916101261562
0.15986193890144046
0.296078262731896
0.3641489528198484
0.3651483716701107
0.47132659624784445
0.3067492286378951
0.5413522671659085
0.5127318777238469
0.2338048823957061
0.27532293849035133
0.20169162239450886
0.5013070522980508
0.09841356626102458
0.14910801984141453
0.3159860324363323
0.2700638312223111
0.360298253276159
0.20667973380030324
0.11854779319316988
0.20695933859617888
0.126495317973758
0.3377455336528116
0.4667596937209452
0.3133145982180059
0.24950543967392266
0.2993504040579347
0.3760571202410851
0.4519962724803528
0.4161918546405978
0.37309577881129996
0.31529638028590307
0.41068925864504513
0.2347869083534997
0.3768891807222045
0.297848805203504
0.29385042209969636
0.5702126149722211
0.6499389045964834
0.22922730202450112
0.4477736628396449
0.05590169943749474
0.14847846772912465
0.14144625296893726
0.3624476070153449
0.3011144381751814
0.19475891374404053
0.17120752175028986
0.4803718929796559
0.18415075715976756
0.7033330839785329
0.2970442628930023
0.10425720702853737
0.07308816827558577
0.34993385618385614
0.25742176566778335
0.32179233277138514
0.7072437391559707
0.3331058752370166
0.24816731204165085
0.5829252955066369
0.2736451272710126
0.150407264907739
0.3008999753675337
0.33604172553112377
0.41332780941706876
0.5321101127539303
0.5510924393486367
0.44868862870816306
0.48297841684550014
0.10543316579753613
0.500173239296974
0.2384219032176161
0.28984642923278814
0.0657951694959769
0.21821789023599236
0.4471362429791857
0.37956847919457304
0.5385744751844421
0.44929769983160245
0.29038973830986836
0.3033213195169878
0.23281653683320877
0.40578679913399296
0.12216944435630522
0.3823639175814325
0.508378091615766
0.34411605762677083
0.6981306479421473
0.7503057550010374
0.22000532831856862
0.4748935536940782
0.2673398366037021
0.596777131006055
0.6045204241398394
0.36462158675985845
0.44163005530805016
0.022768472012439346
0.5024688144927895
0.2663706489496228
0.12154742509255277
0.26666666666666666
0.6863869470054876
0.3481553119113957
0.31028419347838976
0.022227711223719353
0.27403610244019494
0.5012786959218674
0.051149575460285514
0.22524954950135148
0.47743768605824594
0.05923488777590923
0.6359685098087138
0.20824046996281093
0.03513641844631532
0.22886885410853172
0.29630973468423416
0.0944911182523068
0.1543033499620919
0.6596919064205584
0.14342743312012723
0.40901344925021715
0.4937313033099692
0.20412414523193154
0.031814238148788886
0.5974056264362902
0.4685520351947228
0.17437145811572893
0.1837435229960247
0.27359422722270776
0.1719035410431322
0.5220139146625647
0.5531527522910381
0.07209840939145003
0.47910980896363914
0.45324969723019815
0.03555590672673889
0.3105350470222684
0.2426375343338879
0.28234145428063595
0.16531163063339513
0.36422629173271254
0.1752431817353294
0.3702180485994327
0.4339622641509434
0.2393650883711734
0.12361284651454937
0.49578945703930644
0.17057205980525325
0.31704660235589477
0.4370474481291759
0.20261022461827694
0.28273369019765104
0.14336558609083208
0.39304780047677346
0.053376051268362375
0.14409760442605873
0.46500101807115085
0.15984151578556008
0.3798187661003169
0.4703699452683659
0.2773516465813039
0.17753485472389305
0.3573004317621026
0.21229381566543046
0.27948621760534215
0.3204310477123404
0.11665220654555927
0.3466879229460846
0.0868130459425965
0.18549644478859795
0.20935201159410272
0.12539735414374104
0.29885480517694957
0.4768124356976571
0.11624763874381928
0.1679677532867563
0.19834757653158927
0.5054716696567251
0.5426095162342934
0.3894521534129447
0.4339622641509434
0.41519104927290296
0.3119079229776668
0.07874992309581577
0.0
0.39115024815904215
0.15526752351113424
0.3710861329028436
0.26899609689495085
0.2562050460881394
0.13483997249264842
0.3848464601620996
0.4734417826250459
0.033149677206589796
0.21832263031745655
0.11995202878081344
0.1012220412723645
0.07363210405107239
0.31825065929681456
0.22638670752458193
0.19343065999970177
0.4856245257575307
0.3758230140014145
0.25744349376911635
0.39457110793627315
0.2339186540884661
0.30743773095067284
0.20132058708925304
0.3410647764840229
0.2873718541934519
0.35776522707213726
0.6441790092101456
0.46301486366547157
0.4713887087982861
0.2699166142590672
0.14186538042638172
0.13546330635138212
0.6772695669429082
0.3424747597107866
0.18211945490271766
0.324745719613376
0.22486961342536077
0.39146110644715904
0.36461657749479126
0.5471474937248527
0.24505025564476213
0.14651588715165131
0.2086893725064032
0.23529552625226327
0.2217095981894773
0.15937712984840885
0.07082882469748286
0.4200412794412907
0.26053707582524194
0.5210048821941159
0.628713331314976
0.09869275424396534
0.4473512632253983
0.5640289486992315
0.41394630688815937
0.16809954440415775
0.45073879064354944
0.5270521958694505
0.3687291954040378
0.38227676776176606
0.4665137975314489
0.424649413086289
0.2838067394000256
0.17872664062034982
0.22994476609731024
0.1111111111111111
0.5606743638663344
0.23452078799117146
0.323014910166839
0.2654265195180473
0.13693063937629152
0.5871666849559938
0.5082637886767305
0.25866505019428476
0.029197858123689188
0.08459098688756272
0.00828173324999922
0.2247714766600486
0.24803053494460914
0.11768778828946262
0.16180142969173938
0.45702390505083945
0.5466209886076743
0.369293207849501
0.481239385102148
0.40473905366531293
0.34309407974153333
0.15224981853438205
0.19142180160769276
0.2471291973913139
0.09768498542662232
0.279078152825719
0.3181045051401759
0.09883324222148017
0.0
0.48860020336688226
0.30728684655774774
0.4313088035290418
0.3882162456087925
0.5058158914399609
0.13453455879926252
0.11433239009500587
0.421656144517068
0.13409704688030225
0.3894017794872348
0.224111617451764
0.4606583273523184
0.5213533518096151
0.40269760820980915
0.06558258357839529
0.5159700693606916
0.5301618483250294
0.5768533500090384
0.3657721011472928
0.2381965336701655
0.46187579254617395
0.3119055431910487
0.21178263027522132
0.1933472978091327
0.32889402736397094
0.40864438178938967
0.25011966494502574
0.28740282254907973
0.2834733547569204
0.41212763549055387
0.41845226629005655
0.23084512921915964
0.1892583246525563
0.1113588507968435
0.5427512592558383
0.2
0.21449799456256344
0.2809468647300489
0.147087101353638
0.15244318679334118
0.1380861926847485
0.147087101353638
0.4316174677397358
0.2738612787525831
0.6506585602383606
0.5797016700448803
0.3190507974132791
0.32694255369735975
0.4172485896227436
0.3834455967556576
0.2105794696709672
0.4315877611451942
0.1754656015858991
0.4027653314523387
0.1114195301880256
0.1718404204132116
0.39710957987922246
0.10685972682927275
0.3167914523216338
0.3392468399718473
0.09245003270420485
0.4013913085486496
0.21312323108452297
0.2053308009357382
0.2871370144310216
0.3831284437903411
0.29804936801117654
0.43040867219290113
0.33661769919277285
0.35264861243533807
0.3726810754572413
0.05986843400892498
0.470437536140385
0.14103014841668052
0.38527942891569117
0.18332398030762345
0.2716006517137777
0.10769372379266072
0.27448745267187885
0.23284515771189984
0.42861173749988096
0.10165112213575457
0.17184211356407073
0.47340231266488336
0.357357421810541
0.24396403801622998
0.4395553724075219
0.3675514590180459
0.47032008291392025
0.3148629742912071
0.46742078361149886
0.14567140814584595
0.24573963486715075
0.37846542017806195
0.3821657633028298
0.25993762245501817
0.31262085628046815
0.5607397017360267
0.2777929980609473
0.41768537923445764
0.5641194612247824
0.362284418654736
0.4392214617426162
0.435670074693918
0.4994871851962926
0.10545222611208108
0.21467867028303902
0.5016117831402117
0.5780649973487934
0.2645200285064433
0.37004625867368207
0.4099457958749615
0.5852011126605591
0.5730272703594538
0.29440612912565134
0.5993760344008822
0.15639459147739038
0.14898947086308645
0.45672382713746495
0.45713649972975445
0.4836111009094384
0.15911437325504335
0.5043750329134326
0.5088485346051845
0.35556531056757584
0.46313855827281475
0.35496819469700314
0.2708212861592989
0.6571946423706431
0.4548588261473421
0.1318819458269598
0.12055655821617574
0.3011829603693343
0.3124700059433686
0.05076207532276439
0.11102722200054017
0.6887592192046778
0.28342171556262064
0.7101979849960655
0.2212443288006313
0.226297212323529
0.15125600945889772
0.3055261907430755
0.3824330800659705
0.3558299974427442
0.3445694836007146
0.19252140716412977
0.5040161287741852
0.35424286714567976
0.34614178992453465
0.5469925656316468
0.3343363903582861
0.6372902651630534
0.45714166636910464
0.26037782196164777
0.5190257749881414
0.567850870805196
0.44086798176245545
0.26591952628809484
0.2960684541064695
0.2622154900728098
0.44992678582142365
0.0
0.11454605227383559
0.0
0.21122699044355456
0.45359862577076737
0.3047427989672476
0.556600054212848
0.27134047698465813
0.23862989641798588
0.2817879814705388
0.5220392971881297
0.037986858819879316
0.3009774122576535
0.21903427127735742
0.23800184909847225
0.2531118673230049
0.339326373470659
0.588306539644071
0.3769984841613872
0.46091902969104076
0.35501193570192086
0.41872899286489446
0.20759971844307282
0.41668440344536684
0.6642888961060133
0.2512106608337012
0.39218326468711157
0.5984758356664662
0.18162697225481894
0.3207905641092103
0.49126447268544166
0.4497726469040368
0.6779140635695288
0.21320071635561041
0.23451499756889016
0.27757183040501576
0.20215684379026772
0.0
0.16556654463313047
0.15344716515310683
0.17407765595569782
0.05270462766947299
0.08111071056538126
0.47124455750449545
0.40482045237636827
0.11867816581938533
0.32659863237109044
0.19694638556693236
0.25923792368260634
0.09676859950268465
0.0
0.6364138247956102
0.5212670124280012
0.4171361576303042
0.3835316786231128
0.07332355751067665
0.0337868689199743
0.02790727860929738
0.1901597073139162
0.18463723646899913
0.03688555567816587
0.18856180831641267
0.07221581446741189
0.3287979746107146
0.19746898724340217
0.6902814595611743
0.35834244049316744
0.2970442628930023
0.4997224534895771
0.3162357337597878
0.2741446324535748
0.17424273674761287
0.15496776884521196
0.03925343359894298
0.6281122190678597
0.4719363197017521
0.20207259421636903
0.23214285714285715
0.2527251321919152
0.22052713856798847
0.22188007849009164
0.3408106015837333
0.3649052761528863
0.4214581997166452
0.16378509642006692
0.15161960871578067
0.27500954910846337
0.5552495458916488
0.18973665961010275
0.06392027721005931
0.38058853677215987
0.2586187835872985
0.14269544824634825
0.06335829046432676
0.37102499235234204
0.3631365196012814
0.033277916281986085
0.5971169844612599
0.2894329730344809
0.318039974354414
0.18523964340873708
0.280170171629079
0.351120794714638
0.41303093541636576
0.44513834720022505
0.4259825137091472
0.5157106231293968
0.10767251154432639
0.34726912239374325
0.4896070020346514
0.30879033974997094
0.09439751632913289
0.3534015580248888
0.4387573507310309
0.4786063511998844
0.41728141050213147
0.3225504895741636
0.10846522890932807
0.17638342073763938
0.2795084971874737
0.33541019662496846
0.32141736147612315
0.3007685432380425
0.14082101868770697
0.3647686020700425
0.07505866250408015
0.13416407864998736
0.4558853294474477
0.33245498310218435
0.32622714265801234
0.46505579696820515
0.37534021542274637
0.28020184134909754
